8.462636383479760259e-04 8.430887907455485511e-04 9.912305125257632119e-04 8.480500888108626761e-04
1.172676273001299618e-03 1.163171597738333393e-03 1.391480825873732743e-03 1.158864364526006937e-03
1.701812643663626334e-03 1.700968804804735843e-03 1.919488391467441156e-03 1.680988198414373920e-03
2.601155275324834940e-03 2.646713487979863305e-03 3.531965432520008281e-03 2.614918646287369905e-03
3.836194767460347679e-03 4.460300629479400404e-03 5.268041213338097405e-03 4.469881629457246076e-03
6.290920490028398260e-03 7.791470860298754970e-03 6.306079041082230524e-03 6.225128847926328021e-03
7.190318508020890342e-03 6.559188986144154701e-03 1.161863370573870680e-02 4.849045492636649100e-03
8.879574304951993666e-03 8.861947662520039057e-03 1.210853432232226676e-02 8.767255468404141702e-03
8.728446860229951455e-04 8.696688602219507279e-04 8.739476083643397258e-04 9.355115239863725021e-04
1.076220105788920287e-03 1.087111810675974897e-03 1.094636435876792302e-03 1.281812658568405551e-03
1.472272560858329778e-03 1.420419524282367976e-03 1.469685889404257579e-03 2.052781774154764215e-03
1.162391065543339668e-03 2.000276054649225300e-03 1.936958413205906683e-03 3.021240986360619173e-03
2.626446458378232235e-03 2.796394380612114098e-03 3.492136290717446929e-03 4.946912485151679605e-03
2.333828345115524297e-03 3.743146750137435388e-03 4.206324668268933246e-03 8.728896026910600361e-03
8.129377725444076469e-03 7.559476568460538060e-03 1.492882174896556675e-02 5.918225705540548776e-03
1.082748819131262863e-02 8.784827975340893380e-03 1.641234149561269368e-02 8.795244863202583002e-03
7.760151880496507374e-04 7.746526541756211396e-04 7.641326464131942883e-04 7.969372103961023992e-04
8.583092914143881967e-04 7.725457014480393257e-04 8.677006344143340039e-04 9.404547642004663270e-04
1.085612906923041779e-03 2.929462667898939253e-04 6.198019444544941147e-04 7.797603988000881151e-04
0.000000000000000000e+00 0.000000000000000000e+00 0.000000000000000000e+00 0.000000000000000000e+00
1.430776658265429284e-03 9.049682181205274175e-04 7.846309894032638815e-04 0.000000000000000000e+00
8.048276865133209470e-04 7.736446825219350440e-03 1.770994257569824537e-03 1.301492906442848528e-03
3.530698971928578501e-03 1.301928100913020241e-02 1.954764993827432309e-02 2.858717833244269792e-03
9.277283574150016476e-03 2.568917414395850696e-02 1.353098247634030443e-02 7.812329959519146230e-03
5.040133144833395303e-04 3.733974870184959827e-04 4.724703278263035463e-04 6.406020093996974817e-04
4.907033764376324703e-04 3.308557763202735983e-04 4.943436178315341496e-04 6.277119499949826171e-04
6.529595890946122234e-04 9.336518445960139995e-05 6.192360538695346791e-05 2.043870485436296398e-04
0.000000000000000000e+00 2.978898977820173687e-04 0.000000000000000000e+00 2.127583510625150414e-05
3.102803378124667516e-06 0.000000000000000000e+00 1.156613823419547167e-04 3.335218500700775691e-04
0.000000000000000000e+00 0.000000000000000000e+00 0.000000000000000000e+00 0.000000000000000000e+00
0.000000000000000000e+00 0.000000000000000000e+00 2.424108056634035474e-02 1.037914328029440614e-02
3.785807464365655711e-03 3.505733922132314023e-02 1.503825075511295954e-02 8.759453540302006638e-03
3.598660882736200487e-04 1.245522774570445319e-04 2.113169162446328119e-04 1.692759726865700773e-04
2.659316439998688528e-04 7.795597884295227134e-05 1.034944585724990065e-04 4.260304362284314549e-04
3.849419917805000919e-04 4.181449466562975169e-13 2.581659962696646586e-05 6.355206455666097861e-05
0.000000000000000000e+00 0.000000000000000000e+00 0.000000000000000000e+00 0.000000000000000000e+00
1.534093986008967499e-04 0.000000000000000000e+00 0.000000000000000000e+00 0.000000000000000000e+00
4.146096176806974572e-05 0.000000000000000000e+00 0.000000000000000000e+00 0.000000000000000000e+00
2.356459279676959527e-03 0.000000000000000000e+00 8.771307193316243977e-03 1.501093479127861910e-02
5.723607844904621961e-02 1.263634551279560654e-02 2.132679673059142272e-02 3.156200768992363775e-03
2.477183398278308760e-04 5.464470739115212358e-06 3.771617170416646537e-05 2.261916635167589144e-05
0.000000000000000000e+00 0.000000000000000000e+00 0.000000000000000000e+00 0.000000000000000000e+00
0.000000000000000000e+00 0.000000000000000000e+00 0.000000000000000000e+00 0.000000000000000000e+00
0.000000000000000000e+00 0.000000000000000000e+00 0.000000000000000000e+00 0.000000000000000000e+00
1.328115285758026880e-05 0.000000000000000000e+00 0.000000000000000000e+00 0.000000000000000000e+00
1.350738056980049248e-05 0.000000000000000000e+00 0.000000000000000000e+00 0.000000000000000000e+00
0.000000000000000000e+00 0.000000000000000000e+00 0.000000000000000000e+00 0.000000000000000000e+00
8.853533543852118437e-02 0.000000000000000000e+00 5.007168889605136120e-02 1.451635326031155103e-02
1.730892946012403981e-04 0.000000000000000000e+00 0.000000000000000000e+00 1.348895685116453087e-07
0.000000000000000000e+00 0.000000000000000000e+00 0.000000000000000000e+00 0.000000000000000000e+00
0.000000000000000000e+00 0.000000000000000000e+00 0.000000000000000000e+00 0.000000000000000000e+00
0.000000000000000000e+00 0.000000000000000000e+00 0.000000000000000000e+00 0.000000000000000000e+00
0.000000000000000000e+00 0.000000000000000000e+00 0.000000000000000000e+00 0.000000000000000000e+00
1.312672365757172668e-06 0.000000000000000000e+00 0.000000000000000000e+00 0.000000000000000000e+00
0.000000000000000000e+00 0.000000000000000000e+00 0.000000000000000000e+00 0.000000000000000000e+00
8.100000000000001730e-04 0.000000000000000000e+00 4.912414289314301907e-01 0.000000000000000000e+00
1.165611113104046844e-04 0.000000000000000000e+00 0.000000000000000000e+00 0.000000000000000000e+00
0.000000000000000000e+00 0.000000000000000000e+00 0.000000000000000000e+00 0.000000000000000000e+00
0.000000000000000000e+00 0.000000000000000000e+00 0.000000000000000000e+00 0.000000000000000000e+00
0.000000000000000000e+00 0.000000000000000000e+00 0.000000000000000000e+00 0.000000000000000000e+00
0.000000000000000000e+00 0.000000000000000000e+00 0.000000000000000000e+00 0.000000000000000000e+00
1.312672365757172721e-07 0.000000000000000000e+00 0.000000000000000000e+00 0.000000000000000000e+00
0.000000000000000000e+00 0.000000000000000000e+00 0.000000000000000000e+00 0.000000000000000000e+00
0.000000000000000000e+00 0.000000000000000000e+00 0.000000000000000000e+00 0.000000000000000000e+00
